313,3
324,1
324,3
3,2
3,1
3,3
10,276
10,236
10,126
10,284
10,106
10,116
10,112
10,162
10,2
10,3
11,26
11,12
11,4
9,7
8,8
8,17
8,6
8,2
8,3
20,3
20,2
20,1
19,3
19,2
19,1
18,3
18,1
12,3
12,2
12,1
11,29
11,27
2,2
2,1
2,3
11,25
11,22
11,20
11,19
11,18
11,17
11,16
11,15
11,14
11,13
11,11
11,10
11,7
11,3
11,2
11,1
10,293
10,260
10,249
10,227
10,226
10,225
10,217
10,207
10,199
10,191
10,188
10,185
10,179
10,177
10,175
10,138
10,134
10,130
10,72
10,1
10,20
9,6
9,1
9,4
9,3
9,2
8,18
8,16
8,15
8,14
8,13
8,11
8,1
8,7
322,1
322,3
325,3
0,0
313,1
313,4
325,1
325,4
0,273
0,270
13,1
13,3
14,1
14,3
0,9
334,34
334,33
334,32
334,31
